 
 D =   2.50000000000000        1.00000000000000     
 
 Objective function f =  0.114899263747285        1.00000000000000     
 
 D =   1.15318584128864       0.686517969083681     
 
 Objective function f =  2.553307974409719E-004   1.00000000000000     
 
 D =   1.59443556112488       0.807506554900197     
